1 14.1347251417346938
2 21.022039638771555
3 25.0108575801456888
4 30.4248761258595132
5 32.9350615877391897
6 37.5861781588256713
7 40.9187190121474952
8 43.3270732809149995
9 48.0051508811671597
10 49.7738324776723022
11 52.9703214777144606
12 56.4462476970633948
13 59.3470440026023531
14 60.8317785246098098
15 65.1125440480816067
16 67.0798105294941737
17 69.5464017111739793
18 72.0671576744819076
19 75.7046906990839332
20 77.1448400688748054
21 79.3373750202493679
22 82.9103808540860302
23 84.7354929805170501
24 87.4252746131252294
25 88.8091112076344654
26 92.4918992705584843
27 94.651344040519887
28 95.8706342282453098
29 98.8311942181936922
30 101.317851005731391
31 103.725538040478339
32 105.446623052326094
33 107.168611184276408
34 111.029535543169675
35 111.874659176992637
36 114.320220915452713
37 116.226680320857554
38 118.790782865976217
39 121.370125002420646
40 122.946829293552588
41 124.256818554345767
42 127.516683879596495
43 129.578704199956051
44 131.087688530932657
45 133.497737202997586
46 134.756509753373871
47 138.116042054533443
48 139.736208952121389
49 141.123707404021124
50 143.111845807620633
51 146.000982486765519
52 147.422765342559602
53 150.05352042078488
54 150.925257612241467
55 153.024693811198896
56 156.112909294237868
57 157.59759181759406
58 158.849988171420499
59 161.188964137596028
60 163.030709687181987
61 165.537069187900419
62 167.184439978174513
63 169.094515415568821
64 169.911976479411699
65 173.411536519591553
66 174.754191523365726
67 176.441434297710419
68 178.377407776099977
69 179.916484020256996
70 182.207078484366462
71 184.874467848387509
72 185.598783677707471
73 187.228922583501852
74 189.416158656016937
75 192.026656360713787
76 193.079726603845704
77 195.265396679529235
78 196.876481840958317
79 198.015309676251912
80 201.264751943703789
81 202.493594514140534
82 204.189671803104554
83 205.394697202163286
84 207.90625888780621
85 209.57650971685626
86 211.690862595365308
87 213.347919359712666
88 214.547044783491423
89 216.1695385082637
90 219.067596349021379
91 220.714918839314003
92 221.430705554693339
93 224.007000254604335
94 224.983324669582288
95 227.421444279679291
96 229.337413305525348
97 231.250188700499165
98 231.987235253180249
99 233.693404178908301
100 236.524229665816206
101 237.769820480925204
102 239.555477573327629
103 241.049157796216586
104 242.8232719342226
105 244.070898497078158
106 247.136990074897499
107 248.101990060148459
108 249.573689644707209
109 251.014947795016001
110 253.069986747999477
111 255.306256454914023
112 256.380713694434478
113 258.610439491531368
114 259.874406989678
115 260.80508450459687
116 263.573893904870132
117 265.55785183887632
118 266.614973781501072
119 267.921915082824059
120 269.970449023997603
121 271.494055641644999
122 273.459609188403287
123 275.587492649343841
124 276.452049503132939
125 278.250743529841954
126 279.229250927745189
127 282.465114765052096
128 283.211185733233867
129 284.835963980904724
130 286.667445363002884
131 287.911920501422187
132 289.579854929218834
133 291.846291329067396
134 293.558434139356285
135 294.965369619265542
136 295.573254878958292
137 297.979277061943415
138 299.840326053721313
139 301.649325462194184
140 302.696749589606917
141 304.864371340857298
142 305.728912602036809
143 307.219496128170055
144 310.109463146701899
145 311.165141530356003
146 312.427801180600892
147 313.985285731158923
148 315.475616089475734
149 317.73480594237018
150 318.853104256316598
151 321.160134309113578
152 322.144558672482932
153 323.466969557512051
154 324.862866051739613
155 327.443901261905457
156 329.033071680480934
157 329.953239728233866
158 331.474467582663424
159 333.645378524869851
160 334.211354833244383
161 336.841850428390685
162 338.339992850806612
163 339.85821672536354
164 341.04226111104656
165 342.054877510363585
166 344.661702940252337
167 346.347870566009947
168 347.272677584420484
169 349.316260870696144
170 350.408419349192099
171 351.87864902535928
172 353.488900488718807
173 356.017574977264947
174 357.151302252039625
175 357.952685101632274
176 359.743754953114449
177 361.28936169580465
178 363.331330578973835
179 364.736024114088994
180 366.212710288331317
181 367.993575481740303
182 368.96843809573439
183 370.050919212106
184 373.061928372112838
185 373.86487391090857
186 375.825912766739334
187 376.324092230668052
188 378.43668024996548
189 379.872975346532347
190 381.484468617186525
191 383.443529449536488
192 384.956116814863687
193 385.861300845974229
194 387.222890222387981
195 388.846128354232255
196 391.456083563638046
197 392.245083339519097
198 393.427743844434026
199 395.582870010993721
200 396.381854222592187
201 397.918736209614243
202 399.9851198761949
203 401.839228600533217
204 402.861917763886114
205 404.236441800208005
206 405.134387459909927
207 407.581460386896182
208 408.947245502351113
209 410.513869193366639
210 411.972267804278751
211 413.262736070185047
212 415.018809755155116
213 415.455214996294599
214 418.387705789534779
215 419.861364818152324
216 420.643827625041786
217 422.07671005882676
218 423.716579627481819
219 425.069882494461348
220 427.208825084074581
221 428.127914076616682
222 430.328745430938637
223 431.301306930703592
224 432.138641734588568
225 433.889218480927225
226 436.161006432646984
227 437.581698167668581
228 438.621738656272196
229 439.918442214370656
230 441.683199201189024
231 442.904546302609449
232 444.319336277559156
233 446.860622696429523
234 447.44170419449329
235 449.148545685023305
236 450.126945780313524
237 451.403308445388795
238 453.986737806677916
239 454.974683768616789
240 456.328426689246051
241 457.903893064102972
242 459.513415281106012
243 460.087944422175841
244 462.065367274882531
245 464.057286910548285
246 465.671539211371095
247 466.570286930826255
248 467.439046210261639
249 469.536004559112032
250 470.773655478101648
251 472.799174661908817
252 473.835232345139687
253 475.600339369375786
254 476.769015237484521
255 478.075263766670969
256 478.942181534634827
257 481.830339376286561
258 482.834782790982397
259 483.851427212482538
260 485.539148129356007
261 486.528718261651244
262 488.380567090017449
263 489.661761577956132
264 491.398821593663007
265 493.314441581785301
266 493.957997805369465
267 495.358828822131277
268 496.429696215759103
269 498.580782429686542
270 500.309084941690496
271 501.604446965145478
272 502.276270327118233
273 504.499773313427737
274 505.415231742244442
275 506.464152709523531
276 508.800700336467821
277 510.264227943672834
278 511.562289700374595
279 512.623144531407419
280 513.668985555473683
281 515.435057167299377
282 517.589668572467425
283 518.234223147550144
284 520.106310411723256
285 521.525193449492041
286 522.45669617773021
287 523.96053089201584
288 525.077385687279622
289 527.903641601272345
290 528.406213852292659
291 529.806226318706901
292 530.86691788396109
293 532.688183028293731
294 533.779630753768733
295 535.664314075873225
296 537.069759083122328
297 538.428526176247963
298 540.213166376228133
299 540.631390247295117
300 541.847437121201282
301 544.323890101005263
302 545.636833248934818
303 547.010912058122292
304 547.931613364489338
305 549.497567562661378
306 550.970010039483889
307 552.049572200564893
308 553.764972119158815
309 555.792020561682508
310 556.899476406855351
311 557.564659172058528
312 559.316237028682164
313 560.240807497295668
314 562.559207616045851
315 564.160879110786118
316 564.506055938149835
317 566.698787682807956
318 567.731757901176937
319 568.923955179629368
320 570.051114782463592
321 572.419984132452764
322 573.61461052675813
323 575.093886014494886
324 575.807247140928781
325 577.039003472098211
326 579.098834672036607
327 580.136959362384629
328 581.946576265901626
329 583.236088219167278
330 584.561705903465528
331 585.984563204988301
332 586.742771891250156
333 588.139663266247956
334 590.660397516765276
335 591.725858065048057
336 592.57135830022557
337 593.974714682231029
338 595.728153697388949
339 596.362768328393684
340 598.493077346164754
341 599.545640364364854
342 601.602136735932636
343 602.579167886387354
344 603.625618903579161
345 604.616218493753233
346 606.383460422109041
347 608.413217311187325
348 609.389575154720081
349 610.839162937739407
350 611.774209620887205
351 613.599778675637119
352 614.646237872232622
353 615.538563369407028
354 618.112831366442373
355 619.184482597953634
356 620.272893672227522
357 621.709294527948623
358 622.375002739779009
359 624.269900018177881
360 626.019283427654382
361 627.268396850783021
362 628.325862359460362
363 630.473887438292046
364 630.805780927197533
365 632.225141167115952
366 633.546858252251777
367 635.523800310605454
368 637.397193159837307
369 637.925513980822581
370 638.92793826685677
371 640.694794668825668
372 641.945499665705295
373 643.278883781397889
374 644.990578229748003
375 646.348191595501592
376 647.761753004288884
377 648.786400888782441
378 650.197519345256459
379 650.668683891395983
380 653.649571605394692
381 654.301920586319342
382 655.709463022355636
383 656.964084599460617
384 658.1756144186054
385 659.663845972964108
386 660.71673259527927
387 662.296586431100411
388 664.244604652273013
389 665.342763095599041
390 666.515147704172961
391 667.14849489455543
392 668.975848820235131
393 670.323585205862584
394 672.458183584169734
395 673.043578286147646
396 674.355897810123168
397 676.139674363626748
398 677.230180668763973
399 677.800444746221335
400 679.742197882528218
401 681.894991533151889
402 682.602735019750545
403 684.013549813869505
404 684.972629862098453
405 686.16322358772795
406 687.961543184703648
407 689.368941362272368
408 690.474735032350398
409 692.451684415520849
410 693.176970060601825
411 694.53390869987314
412 695.72633592092673
413 696.626069900345615
414 699.132095476013507
415 700.296739132143495
416 701.301742954646156
417 702.2273431457605
418 704.033839295525309
419 705.125813954619228
420 706.184654799517919
421 708.2690708851099
422 709.229588570284301
423 711.130274179685432
424 711.900289914375312
425 712.74938347010129
426 714.082771820669393
427 716.11239645405211
428 717.482569703100191
429 718.742786545485894
430 719.697100988365665
431 721.351162218536417
432 722.277504975674237
433 723.845821045128416
434 724.56261389037908
435 727.056403230049382
436 728.40548158893406
437 728.758749795614269
438 730.416482122756435
439 731.417354918598525
440 732.818052714499849
441 734.789643252377994
442 735.765459208578321
443 737.052928912265308
444 738.580421171373823
445 739.909523674041944
446 740.573807447295011
447 741.757335572941673
448 743.895013142473659
449 745.344989550611874
450 746.49930589943233
451 747.674563624269528
452 748.242754465084548
453 750.6559503621243
454 750.966381066650837
455 752.887621567202375
456 754.322370471712673
457 755.83930897603783
458 756.768248439950931
459 758.101729246412583
460 758.900238224892375
461 760.282366983512065
462 762.700033249691055
463 763.593066172837223
464 764.307522724180222
465 766.087540099836205
466 767.218472155539514
467 768.281461806509231
468 769.693407252624424
469 771.070839313678316
470 772.961617565757024
471 774.117744627940507
472 775.047847096580508
473 775.999711963171442
474 777.299748529592565
475 779.157076949189004
476 780.348925004181671
477 782.137664390812095
478 782.59794394607354
479 784.288822612465501
480 785.739089700715052
481 786.461147450506277
482 787.468463815910038
483 790.059092364119564
484 790.831620467921035
485 792.427707608604527
486 792.888652562622588
487 794.483791869893164
488 795.606596156162413
489 797.263470038035585
490 798.707570166296211
491 799.654336210897633
492 801.604246462982056
493 802.54198487841815
494 803.243096204270194
495 804.762239112661764
496 805.861635667094803
497 808.151814935993747
498 809.19778336330071
499 810.0818048864071
500 811.18435884650626
501 812.771108389109343
502 814.045913607510994
503 814.870539625872568
504 816.727737714394716
505 818.380668866361677
506 819.204642170823863
507 820.721898443869287
508 821.713454133379402
509 822.197757493404277
510 824.526293871629748
511 826.039287376574384
512 826.905810954080772
513 828.3401743004899
514 829.437010968309334
515 830.895884053317401
516 831.799777659070583
517 833.0036409091542
518 834.651915147825576
519 836.693576187591867
520 837.347335059531515
521 838.249021992732146
522 839.465394810282476
523 841.036389829013424
524 842.041354206526371
525 844.166196607350769
526 844.805993975763727
527 846.194769927693998
528 847.971717639512007
529 848.489281180943524
530 849.862274348697826
531 850.645448466004092
532 853.163112583389155
533 854.095511719869059
534 855.286710244404936
535 856.484117490791663
536 857.310740602603826
537 858.904026466475694
538 860.410670896014671
539 861.171098212715338
540 863.189719771908934
541 864.340823930069541
542 865.594664326515965
543 866.423739904042641
544 867.693122611785006
545 868.670494229131597
546 870.846902325754016
547 872.188750821613208
548 873.098978971281981
549 873.90838923533753
550 875.985285108780322
551 876.600825833027442
552 877.654698341033475
553 879.380951969790982
554 880.83464884793939
555 882.386696627196461
556 883.430331838701646
557 884.198743114594727
558 885.272304479617127
559 886.852801962916298
560 888.475566673817195
561 889.735294294090737
562 890.813132112528064
563 892.386433260155869
564 893.119117567294258
565 894.886292320868716
566 895.397919674782965
567 896.63225155620272
568 899.221522668383419
569 899.858884607937483
570 900.849739860521396
571 902.243207586752288
572 903.099674442630455
573 904.702902722281321
574 905.829940758222209
575 907.656729468967525
576 908.333543645060925
577 910.186334057179843
578 911.234951485955504
579 912.331045600035587
580 912.823999246743395
581 914.730096958375613
582 916.355000808642766
583 917.825377570426783
584 918.83653524352903
585 919.448344439682305
586 921.156395507154853
587 922.50062930663677
588 923.285719802422243
589 924.773483933476664
590 926.551552784603029
591 927.850858985753594
592 928.663659328934892
593 929.874092850647755
594 931.009211336628073
595 931.85274074552008
596 934.385306837258465
597 934.99542486384646
598 936.228649379282927
599 937.532925711970381
600 939.024300899218382
601 939.660940614528166
602 941.156999642042373
603 942.052341643375498
604 944.188035809572745
605 945.333562503045946
606 946.765842204727851
607 947.079183096254878
608 948.346646255044967
609 950.151612684643841
610 951.03324873382351
611 952.727988619850626
612 954.129719269551415
613 954.829308938216637
614 956.675479343289796
615 957.510052596423722
616 958.414593390136181
617 959.459168807068113
618 961.669572474192753
619 963.182086671311447
620 963.567040191612271
621 965.055579623751116
622 966.110754818410204
623 967.371153766262854
624 968.636301906087326
625 970.125610556941175
626 971.071491486385728
627 973.185361294301194
628 973.873078992653597
629 974.77463506583743
630 976.178502420589609
631 976.917202117050622
632 978.766671535112974
633 980.578000639774418
634 981.288615301758969
635 982.396485168778978
636 983.575076006431329
637 985.186928655773436
638 986.130515110184527
639 986.756008407656036
640 988.992622370657407
641 990.223917804027972
642 991.374294147761505
643 992.728696336732659
644 993.214580957442954
645 994.404590571094492
646 996.205336164298286
647 997.511934751939229
648 998.827547136929633
649 999.79157155741294
650 1001.34948263778274
651 1002.40430548839171
652 1003.26780817945325
653 1004.67504412117289
654 1005.54342030437836
655 1008.00670430706365
656 1008.79570990074228
657 1009.80659074696463
658 1010.56975701106108
659 1012.4100425157616
660 1013.05863809840899
661 1014.6896326223704
662 1016.06017894264738
663 1017.26640236435541
664 1018.60557251862015
665 1019.91243974394404
666 1020.91747501726368
667 1021.54434449990465
668 1022.88527091171635
669 1025.2657241977277
670 1025.70794437146289
671 1027.46769351558777
672 1028.12896425549752
673 1029.22729744396137
674 1030.89736879059652
675 1031.83318029740776
676 1032.81288303515885
677 1034.61291552952081
678 1036.19591735805474
679 1037.02470764628175
680 1038.08775224061884
681 1039.07740143689669
682 1040.26403793769576
683 1041.62152801454227
684 1043.62395434962149
685 1044.51497582907877
686 1045.10704235297791
687 1047.08981748429478
688 1047.98714748960047
689 1048.95378519468596
690 1049.99628425659322
691 1051.5765718432052
692 1053.24578515838576
693 1054.78103947828135
694 1055.00214647568574
695 1056.68884736382823
696 1057.10004365961778
697 1059.13376910689715
698 1060.13951856160782
699 1061.50130446506842
700 1062.91538150788056
701 1064.07155107171854
702 1065.12185510629306
703 1066.46322346924298
704 1067.41886012096456
705 1067.99000007904263
706 1070.53504199682926
707 1071.61862321508954
708 1072.54399801112156
709 1073.57035316509373
710 1074.747771044311
711 1076.26662559417741
712 1076.92405606575445
713 1078.64719848095636
714 1079.80996542925907
715 1081.1710023434678
716 1082.95274972306967
717 1083.29546651408561
718 1084.18326431043022
719 1085.64783120863934
720 1086.91199898982509
721 1088.7557246748088
722 1089.79533792407477
723 1090.86319102624886
724 1091.72847296693683
725 1093.44087327236863
726 1094.28445752375416
727 1095.43308475866148
728 1096.40191779474253
729 1098.84101546664986
730 1099.3606671785718
731 1100.57446062246256
732 1101.83911116875601
733 1102.55177989991772
734 1103.73229717454694
735 1105.61718883076207
736 1106.77437167583278
737 1107.77453195501014
738 1109.15891885676645
739 1110.44414299361321
740 1111.4435047648999
741 1112.43299540807644
742 1113.39759511480199
743 1115.06535946156661
744 1116.78725388121452
745 1117.96591966919967
746 1118.68413486101839
747 1119.47324742617898
748 1121.15593767581057
749 1122.45862135688051
750 1123.1011173878092
751 1125.31472939784647
752 1125.76344242925256
753 1127.65802352721572
754 1128.43022461389271
755 1129.72899677706556
756 1130.39159789623167
757 1131.49508556191704
758 1133.70862566945624
759 1134.8856545915332
760 1135.56221397547755
761 1136.92929348096953
762 1138.15158977980554
763 1138.99234182049364
764 1140.72184817190336
765 1141.26102296413676
766 1142.85865960785648
767 1144.78229951862534
768 1145.48532751711711
769 1146.57681492486695
770 1147.50177652331932
771 1148.61527720883402
772 1149.9826010281071
773 1151.56281472367322
774 1152.9431285305898
775 1153.89030371627127
776 1154.69751953538238
777 1156.62156783387254
778 1157.43231457561091
779 1158.00160902729497
780 1159.4806570190223
781 1161.39664463437809
782 1162.48752860200543
783 1163.70103168277862
784 1164.73758635122761
785 1165.27122770645769
786 1166.94361340952871
787 1168.08627161013879
788 1169.69835688488491
789 1170.46363857828367
790 1172.1206818656956
791 1173.30568776404836
792 1174.2327668564563
793 1175.21545239595078
794 1176.63287580978846
795 1177.10630442165615
796 1179.7012235019339
797 1180.65354378708439
798 1181.26731815168002
799 1182.58227034692039
800 1183.71277529597432
801 1185.15584284746579
802 1185.87535869535662
803 1187.34516149326731
804 1188.85644429822931
805 1189.96363649791844
806 1191.48260592641347
807 1192.21861147810155
808 1193.32402142745508
809 1193.85742713543699
810 1196.03467174867106
811 1197.07178665882197
812 1198.68656910463057
813 1199.35651370789397
814 1200.53269203121991
815 1201.81033485660605
816 1203.13735086142548
817 1203.855247594097
818 1204.98549217146641
819 1206.87049979385307
820 1208.47145994953103
821 1208.98948416793903
822 1209.89803008754596
823 1211.41611589279812
824 1212.11315306631979
825 1213.59837268036822
826 1215.38997506504563
827 1216.18372203346742
828 1217.17448249773892
829 1219.05002817740616
830 1219.61447131085848
831 1220.81634769097813
832 1221.69224248314373
833 1222.95248409510836
834 1225.01833002416854
835 1225.85502076079572
836 1227.23182764149093
837 1227.91714161440004
838 1228.79315436298117
839 1230.58460315424928
840 1231.5622738776454
841 1232.5295870405979
842 1234.27781665343179
843 1235.502548526521
844 1236.399017465779
845 1237.97729851358115
846 1238.45723279566181
847 1239.49080714679575
848 1240.81347178521627
849 1243.07807639802112
850 1243.53814652611426
851 1244.85143396698386
852 1245.65586618814782
853 1247.37256196985564
854 1248.0630610532082
855 1249.15988795300298
856 1250.67239727567812
857 1251.65983200427122
858 1253.6735778521071
859 1254.43132842177345
860 1255.40823064529073
861 1256.18121419846087
862 1257.54121941264411
863 1258.77923348859505
864 1260.34454831618552
865 1261.61171716147984
866 1262.55661400035622
867 1263.67673284386179
868 1264.95722300699979
869 1266.17903776056206
870 1267.20034561184549
871 1267.57057177944022
872 1270.1189218864926
873 1271.13429963160999
874 1272.0839595993329
875 1273.26114463345575
876 1274.19622088948036
877 1275.09203031584046
878 1276.84217155556979
879 1277.76309198634682
880 1279.33284331670825
881 1280.15579440902293
882 1281.82872695969993
883 1283.00049138669968
884 1283.33503213887928
885 1284.85479515462166
886 1285.69502333113859
887 1287.41002661707532
888 1289.16535153277306
889 1290.10477151980734
890 1290.4177080730425
891 1291.9458709680832
892 1293.49398155741745
893 1294.11847437784835
894 1295.36536350535825
895 1296.80111099234729
896 1298.25652706788953
897 1299.40517125074398
898 1300.49001898244764
899 1301.49551668057506
900 1302.34674237924692
901 1303.27320022879414
902 1305.40167218800438
903 1306.50839331296884
904 1307.26724210780243
905 1308.98819651764339
906 1309.42153249325597
907 1311.0565705111119
908 1311.96694060804935
909 1313.03159936901966
910 1314.05256565172617
911 1316.21211260285405
912 1317.07298603482996
913 1318.17127913216505
914 1318.94788059656634
915 1319.93108287753647
916 1321.62813855191242
917 1322.25806712339116
918 1324.22497871884433
919 1325.23762435898234
920 1325.98196963044628
921 1327.63528110845745
922 1329.0435179965186
923 1329.20501878548363
924 1330.42993712045926
925 1331.82759138528522
926 1333.67352261028493
927 1334.74732905168978
928 1335.69497452600207
929 1336.69018465338587
930 1337.68879180966995
931 1338.92316459867035
932 1340.42640045730018
933 1341.16627225292639
934 1342.60850788377686
935 1344.15604400359579
936 1345.47710626139871
937 1345.73141325541841
938 1347.51947175089991
939 1348.01723801873641
940 1349.08519401404766
941 1351.29620637409672
942 1352.21046515917554
943 1353.48333835826458
944 1353.88678197169623
945 1355.68059532063649
946 1356.60565570980795
947 1357.77174282857946
948 1358.46016039915903
949 1360.39314476219115
950 1361.39307471363968
951 1363.02232860328076
952 1363.87919079713447
953 1364.57658489675397
954 1365.49373355129525
955 1367.10409097000823
956 1368.33019330798589
957 1369.68694907734292
958 1370.97352276778364
959 1371.68655355282739
960 1373.20291456237338
961 1374.15479865864065
962 1375.3023923447489
963 1376.16177999361935
964 1377.17763364210463
965 1379.68328302861293
966 1380.1485784416924
967 1381.07397714920563
968 1382.34566297847368
969 1383.29759100794647
970 1384.44441584776008
971 1385.66377701119269
972 1387.32664766348953
973 1387.9214541271128
974 1389.56583179839394
975 1390.70549028642767
976 1391.85320044326976
977 1392.64402778854865
978 1393.43340174079367
979 1394.88418467568035
980 1396.5441631236825
981 1397.83462332138722
982 1398.83767520138587
983 1399.83947294120648
984 1400.4269462973943
985 1402.56434725006599
986 1402.97374764091921
987 1404.00629217052276
988 1405.66697505924688
989 1407.08514277643649
990 1408.13630749618955
991 1409.32068107983896
992 1410.02481072580223
993 1411.25705681570662
994 1411.965653461773
995 1413.84314878856885
996 1415.58578479549535
997 1415.78158130328291
998 1417.10282293382261
999 1418.69696385245217
1000 1419.42248094599569
1001 1420.41652632375114
1002 1421.85056718704865
1003 1422.46131098750737
1004 1424.46304566957902
1005 1425.87346924499659
1006 1426.64597968212004
1007 1427.36567110942668
1008 1428.59230587597877
1009 1429.65047727619155
1010 1431.21831367275166
1011 1432.0497408933136
1012 1433.82194073706516
1013 1434.58494216826012
1014 1435.69290738341928
1015 1437.22672162380125
1016 1438.0062848417224
1017 1438.9495527468828
1018 1439.62279307816398
1019 1441.96098750486184
1020 1442.91105958089686
1021 1444.04193070636656
1022 1445.07227845920105
1023 1445.83008477971002
1024 1447.22622709997579
1025 1448.32385351572545
1026 1449.48877128073126
1027 1450.77356185829733
1028 1451.83529799939338
1029 1453.73759675710223
1030 1454.22601126022628
1031 1455.31209123981967
1032 1456.16779760838726
1033 1457.53900166841123
1034 1458.39377736868725
1035 1460.6882705354191
1036 1461.24544334515996
1037 1462.26612326578726
1038 1463.28689119042754
1039 1464.69690329787641
1040 1465.88955761408527
1041 1466.50562110788772
1042 1467.70398958607101
1043 1469.34764987826965
1044 1470.96658912716497
1045 1471.38876452710659
1046 1473.02013232418571
1047 1473.74564918574653
1048 1474.20322156569888
1049 1476.09212703824092
1050 1477.43519114750012
1051 1478.44139597341295
1052 1479.75991870649008
1053 1480.76687901798226
1054 1481.96468420980231
1055 1483.03295995807148
1056 1484.14358088175541
1057 1484.81788323120373
1058 1486.17134902755714
1059 1488.11633797622827
1060 1489.25246694643012
1061 1489.97089220467889
1062 1490.67069381460327
1063 1492.18009054401641
1064 1493.33083542127022
1065 1494.1553686136888
1066 1495.76883297894173
1067 1497.06550557171006
1068 1497.74736093312116
1069 1499.64082474661982
1070 1500.35195151660316
1071 1501.11932492213159
1072 1502.34606329239906
1073 1503.09093312668049
1074 1505.26152965467191
1075 1506.15298613811318
1076 1507.40750516383032
1077 1508.25303102954228
1078 1509.28041936322324
1079 1510.39179744647354
1080 1511.92300545900211
1081 1512.58976470545813
1082 1513.58976553991868
1083 1515.70834358687393
1084 1516.43598971875846
1085 1517.71980625413019
1086 1518.41479148725369
1087 1519.74100949390682
1088 1520.27362222035615
1089 1521.90190906546091
1090 1523.48604714925888
1091 1524.72489216062219
1092 1525.2278372337918
1093 1526.55231191038746
1094 1528.04093042929757
1095 1529.03445672870131
1096 1529.36997536519452
1097 1531.02074297022232
1098 1532.22232693939207
1099 1533.88697791320159
1100 1535.04227747120666
1101 1535.7695023952482
1102 1536.62070182402987
1103 1537.65106216794492
1104 1539.30285485558323
1105 1540.03027013950637
1106 1541.742248762789
1107 1542.49652292276628
1108 1544.11867005452029
1109 1544.83460822751948
1110 1546.0911977863133
1111 1547.2975811214069
1112 1547.80656380185757
1113 1548.87134817872537
1114 1551.27384532640453
1115 1552.00687283767007
1116 1552.73610532980386
1117 1554.15651910965778
1118 1554.92128516499187
1119 1556.16298749755275
1120 1557.39450701769049
1121 1558.33915285235196
1122 1559.78115439071024
1123 1560.87647577780945
1124 1562.41015318019444
1125 1563.38540095849554
1126 1564.17794046043167
1127 1564.91578826226014
1128 1566.26641560155152
1129 1567.62345071721811
1130 1569.02247780437407
1131 1570.50927786692084
1132 1571.04538148553819
1133 1571.84535208804534
1134 1573.8065633302714
1135 1574.23091542986378
1136 1575.63815495201655
1137 1576.16135236342438
1138 1578.11882694578279
1139 1579.51405506774068
1140 1580.37208162547155
1141 1581.36355177300182
1142 1582.32948694414718
1143 1583.39469343542175
1144 1584.23484806637621
1145 1586.29321075033778
1146 1587.00434210704115
1147 1588.16340402890479
1148 1589.35794594955773
1149 1590.8359043213941
1150 1591.29388437357236
1151 1592.63716703923492
1152 1593.58480818886193
1153 1594.44268965569052
1154 1596.48449240965468
1155 1597.71589594442313
1156 1598.42079854967045
1157 1599.61934895046281
1158 1600.04804490340731
1159 1601.9119462285822
1160 1602.8154047937266
1161 1603.65520299612408
1162 1605.52164664662335
1163 1606.29341812657422
1164 1607.55690521198288
1165 1608.83629530501002
1166 1610.00326419003794
1167 1610.25382316257449
1168 1611.43714126955478
1169 1613.07885545102742
1170 1614.71062785216149
1171 1615.57460871897201
1172 1616.39839484158364
1173 1617.73468484098521
1174 1618.53751783197755
1175 1619.95250126112885
1176 1620.77431082138856
1177 1622.09875169802296
1178 1622.97776769947558
1179 1625.02185665796279
1180 1625.98702016362117
1181 1626.39991931163555
1182 1627.75544127631574
1183 1628.71531685676323
1184 1629.65866895494776
1185 1631.19481455151575
1186 1632.79818357070882
1187 1633.51251688973726
1188 1634.51682266206708
1189 1635.7183663262138
1190 1637.08919017337095
1191 1637.99464358601275
1192 1638.59965830421388
1193 1639.8212357298302
1194 1641.89981900850458
1195 1642.48977982237807
1196 1644.15206595973768
1197 1644.71374577466788
1198 1645.57376036276608
1199 1646.62486659317889
1200 1648.2705982225317
1201 1649.11853540924012
1202 1650.41698898304838
1203 1651.73269334139598
1204 1652.67106589960121
1205 1654.20589675937117
1206 1654.72665239332179
1207 1655.82277567677177
1208 1657.11423639976308
1209 1657.56710117932144
1210 1660.01998033799895
1211 1660.86005683330081
1212 1661.83689288409669
1213 1662.37720254928008
1214 1664.05726541811003
1215 1664.96800448636508
1216 1665.87764041448621
1217 1667.24112505171128
1218 1668.36822932740186
1219 1669.66972845239921
1220 1671.04718243330318
1221 1671.98425933372627
1222 1672.96337083078106
1223 1673.68744533390525
1224 1674.64846209700975
1225 1676.36248632395048
1226 1677.6912271415265
1227 1678.63036809106365
1228 1680.07794671680949
1229 1680.50477011284705
1230 1681.81232017426601
1231 1683.27328926066677
1232 1684.17165683706429
1233 1684.55886325253724
1234 1686.4211219478382
1235 1688.08014269317659
1236 1688.93386850978462
1237 1689.70315425617979
1238 1691.05155991689308
1239 1691.51519289203515
1240 1693.05302093019715
1241 1694.01756465260786
1242 1695.83255447418727
1243 1696.65499743978566
1244 1697.34251428656401
1245 1699.22954718764302
1246 1699.96681726686386
1247 1700.82030324500624
1248 1701.82555099704742
1249 1702.92324976449052
1250 1704.29141242667976
1251 1706.25603243156038
1252 1706.61566503502601
1253 1707.91231249332451
1254 1708.51211617840309
1255 1709.78084229858048
1256 1711.13760325859284
1257 1712.15539765432237
1258 1713.05534172751311
1259 1714.71714525549453
1260 1715.82528303982057
1261 1716.7699837173949
1262 1717.97448506615853
1263 1718.95415249858375
1264 1719.72446932183104
1265 1720.49807094758653
1266 1722.84466173991565
1267 1723.53282263125987
1268 1724.73395873765822
1269 1725.63862801997383
1270 1726.6057007398854
1271 1728.16650676096543
1272 1728.64448648037199
1273 1730.02387254477914
1274 1731.01419376185718
1275 1732.43016985925684
1276 1733.84082502143001
1277 1735.1754660211011
1278 1735.62471534287063
1279 1736.30566273323799
1280 1737.89388478692855
1281 1738.78323758881605
1282 1740.16911568014055
1283 1741.77916780872726
1284 1742.46768072078201
1285 1743.42643685872163
1286 1744.72151193769979
1287 1746.09749859563269
1288 1746.59545662712821
1289 1747.78169552775242
1290 1748.56398738108022
1291 1750.8228184898391
1292 1751.61779494625111
1293 1752.51151114066594
1294 1753.66135524313954
1295 1754.76336987425288
1296 1755.16969406814269
1297 1757.04651846072311
1298 1757.98407703281818
1299 1759.24008564668189
1300 1760.21516624276232
1301 1761.85489993872807
1302 1762.49768887066062
1303 1763.71912149628705
1304 1764.59147684909196
1305 1765.40049399178384
1306 1766.67624359947787
1307 1768.29597113634138
1308 1769.94095205163584
1309 1770.24367731219735
1310 1771.21294498354653
1311 1772.32800036359136
1312 1773.89491551070346
1313 1774.66043099002359
1314 1775.34198757374729
1315 1777.25586022405799
1316 1778.0417347622493
1317 1779.55227080917896
1318 1780.66522849299866
1319 1781.35563772281956
1320 1782.43906732002018
1321 1783.08482951994648
1322 1784.60794639661266
1323 1786.34220117934253
1324 1787.04927308681627
1325 1788.21512347963282
1326 1789.24217996368472
1327 1790.44956236978354
1328 1791.25440981879545
1329 1792.61610273519818
1330 1793.52539065240951
1331 1794.17848200725559
1332 1796.46514053743081
1333 1797.37633567113677
1334 1798.14706745807575
1335 1799.2316472097374
1336 1800.02472401973915
1337 1801.30963694528799
1338 1802.30128349145057
1339 1803.79684381336596
1340 1804.90416097481202
1341 1806.28966701949778
1342 1806.57839175096393
1343 1808.71443186547489
1344 1809.11927378828733
1345 1810.1088929879858
1346 1810.87371915885472
1347 1812.42007700210552
1348 1814.02414034761551
1349 1814.97308236349585
1350 1816.33861121967464
1351 1816.75802336535085
1352 1817.71060856334247
1353 1819.26033409948825
1354 1820.18788218681122
1355 1821.30570836520391
1356 1822.42767144030259
1357 1823.76626589577329
1358 1825.21367689301338
1359 1825.91568361492841
1360 1826.79545527149266
1361 1828.21127049997314
1362 1828.62109175803114
1363 1829.8325297099397
1364 1831.93637990181521
1365 1832.98494024373155
1366 1833.27323903273032
1367 1834.7215597486085
1368 1835.88375443769255
1369 1836.82767251595749
1370 1838.08694330564455
1371 1838.64028870765074
1372 1840.19556347335736
1373 1841.47858257064339
1374 1842.87595527866722
1375 1843.77105774306912
1376 1844.75904365009589
1377 1845.41753414642453
1378 1846.35325342051642
1379 1848.33098062238373
1380 1848.72276091089087
1381 1850.60118404765146
1382 1851.40036199458978
1383 1852.34220473338628
1384 1853.5193429209895
1385 1854.85563211598673
1386 1855.59293493705547
1387 1856.38917915352385
1388 1857.49807481488019
1389 1859.49527156879446
1390 1860.54138810933681
1391 1861.37967154723285
1392 1862.12146492894421
1393 1863.42546484509649
1394 1864.35398133574625
1395 1865.36743379405789
1396 1866.83654701860819
1397 1868.08519099860922
1398 1868.70674568440812
1399 1870.42147176831079
1400 1871.41604309840715
1401 1872.44156642819272
1402 1872.86566763796768
1403 1874.50836141266014
1404 1874.91377401003954
1405 1877.09506416733977
1406 1878.02225148275347
1407 1879.15330309046133
1408 1880.08232541899438
1409 1880.61176647965687
1410 1882.32197479738468
1411 1883.40872426951837
1412 1884.00577834966714
1413 1885.19807513025812
1414 1887.05389480689012
1415 1887.80884141683213
1416 1888.93818263657945
1417 1890.34812861424455
1418 1890.61212858793326
1419 1891.67851053972879
1420 1892.86770133579112
1421 1894.55853757242969
1422 1895.69715565358456
1423 1896.5854943471689
1424 1897.51369285971197
1425 1898.82937281867948
1426 1900.006144829144
1427 1900.57188427241483
1428 1901.89130575060007
1429 1902.80505920668006
1430 1904.08932532335174
1431 1906.10275619818196
1432 1906.59767800376622
1433 1907.33278012390993
1434 1908.43306304505175
1435 1909.46593002598238
1436 1910.7336596158916
1437 1911.70469094317216
1438 1913.18248977588308
1439 1914.35230005167405
1440 1915.05462933334722
1441 1916.60637183951935
1442 1917.34470404156635
1443 1918.78649890985679
1444 1919.20777839780524
1445 1919.9374573712172
1446 1922.1016256219937
1447 1923.28083793641744
1448 1924.05583110144085
1449 1925.23198797540653
1450 1926.21158307989408
1451 1926.82009279487158
1452 1928.41751854951945
1453 1929.48756018057649
1454 1930.25838718038733
1455 1931.76006943652461
1456 1932.87575454994692
1457 1934.4164363691519
1458 1934.9079434343657
1459 1935.92484880374569
1460 1936.8730938142789
1461 1937.96863349801996
1462 1939.05002915054413
1463 1940.97732670585994
1464 1941.82286221578023
1465 1942.63356869224615
1466 1943.36794744925275
1467 1945.15379630636796
1468 1945.92271694948333
1469 1946.60994536187741
1470 1947.9170477377036
1471 1949.03003007360655
1472 1950.74320155286316
1473 1951.53669587305491
1474 1952.85012921186575
1475 1953.44855632513577
1476 1954.41858817521412
1477 1955.31580928371839
1478 1956.84816457821551
1479 1958.31440355512036
1480 1958.85188346319481
1481 1960.4188452693818
1482 1961.35927788001438
1483 1962.2335718485798
1484 1963.62118457320207
1485 1964.3573909380956
1486 1965.37782950510386
1487 1966.11765857407453
1488 1968.47160201942044
1489 1969.04761754652783
1490 1970.30500951703376
1491 1970.85554757994594
1492 1971.97031280481139
1493 1973.18266340593868
1494 1974.34720191012009
1495 1975.08061030226699
1496 1977.17394369803988
1497 1977.27144619974651
1498 1978.80144816773153
1499 1980.37177228705134
1500 1980.91004309102423
1501 1981.74876889726348
1502 1982.66327919527651
1503 1983.92380462226066
1504 1985.41654017452674
1505 1986.7571077164152
1506 1987.87347336072432
1507 1988.25187680735577
1508 1989.70200270802162
1509 1990.47835252642699
1510 1992.0017063935279
1511 1992.78498787515757
1512 1993.57749313825998
1513 1995.16873961188854
1514 1996.79617696618821
1515 1997.39091405961145
1516 1998.27900692598482
1517 1999.54576417626759
1518 2000.43451530243225
1519 2000.92962068918456
1520 2002.89640837436174
1521 2004.13966923327013
1522 2005.07784812409876
1523 2005.90093488578571
1524 2007.12518017030113
1525 2008.41824033026227
1526 2009.17663412294959
1527 2010.15332476755933
1528 2011.02070507365006
1529 2012.53893547742175
1530 2013.87209771399083
1531 2015.18672860870628
1532 2016.02963803237539
1533 2016.80007565584573
1534 2017.38676725196156
1535 2019.2646002160641
1536 2019.88436713975529
1537 2021.19604276889279
1538 2022.54561768468827
1539 2023.57291177710075
1540 2024.48826215795125
1541 2025.87890620248156
1542 2026.7382589121521
1543 2027.57331705599754
1544 2028.58245935403995
1545 2029.38547955096665
1546 2031.75055069061874
1547 2032.42078085628643
1548 2033.01789274566982
1549 2034.55482878895617
1550 2035.07744009630408
1551 2036.52752648337033
1552 2037.21711109434089
1553 2038.84173825086775
1554 2039.44321874010445
1555 2040.83911967313822
1556 2042.34458625060421
1557 2043.21711656332396
1558 2044.1215932916675
1559 2045.03732085981482
1560 2045.80276043156194
1561 2047.09833634560713
1562 2048.45409406616111
1563 2049.84752560571607
1564 2050.90605538468455
1565 2051.71838819625632
1566 2052.40779019240102
1567 2054.05991689848573
1568 2055.18026732616666
1569 2055.57260289904887
1570 2056.62086668989378
1571 2058.45065111890614
1572 2059.44802174377146
1573 2060.86824720810797
1574 2061.36705920203189
1575 2062.57265091997839
1576 2063.28355949838076
1577 2064.30486769963415
1578 2065.83267228191146
1579 2066.98522937798529
1580 2068.34563852737009
1581 2068.66994108281269
1582 2070.50471759344598
1583 2071.3770831697586
1584 2071.99045481476079
1585 2073.39760371576841
1586 2074.17106490215249
1587 2075.02806554483216
1588 2077.11757013687721
1589 2078.15548463921428
1590 2078.9392881148769
1591 2079.56762846189323
1592 2080.91034345756129
1593 2081.79968656357715
1594 2083.30027685882798
1595 2083.7799925501674
1596 2085.38981369228599
1597 2086.58031853438142
1598 2087.47334098785802
1599 2088.71228119873258
1600 2090.03620675701694
1601 2090.44755002741587
1602 2091.22158066113126
1603 2092.47321811007189
1604 2094.33591746863196
1605 2095.13825666029482
1606 2096.34652997925259
1607 2097.37160635719289
1608 2097.95192219988704
1609 2099.31165126506135
1610 2100.59374523686124
1611 2101.13548945910841
1612 2102.5351002152977
1613 2103.39045480871404
1614 2105.3722065917999
1615 2105.99470433928624
1616 2107.17236243244334
1617 2107.61791140751433
1618 2108.93838488901534
1619 2109.96314318126758
1620 2110.82237184813182
1621 2112.90708752319078
1622 2113.4839664484308
1623 2114.39613732588999
1624 2115.50660279468411
1625 2116.90005606839473
1626 2117.72239944136298
1627 2118.61864621702926
1628 2119.45642846893928
1629 2120.69156259184395
1630 2122.46515117492836
1631 2123.3440423034625
1632 2124.37036873756888
1633 2125.51240002915194
1634 2125.95878484037331
1635 2126.97571119255799
1636 2128.75229055426284
1637 2129.40608022832844
1638 2130.55510228323592
1639 2132.08062099294264
1640 2132.79851646788415
1641 2134.15493398503792
1642 2134.95077250431567
1643 2136.08689752470321
1644 2136.96747054847187
1645 2137.50994052591091
1646 2139.38075998520111
1647 2140.94936263909704
1648 2141.71003596038995
1649 2142.35504319603539
1650 2143.37444418053789
1651 2144.89533743136043
1652 2145.50575373418082
1653 2146.62589447551152
1654 2147.78536734563083
1655 2149.15184938288922
1656 2149.91063985810212
1657 2151.77688511646503
1658 2152.39022659691966
1659 2153.01196416538653
1660 2154.26362395232034
1661 2154.93534584822547
1662 2156.39472725568169
1663 2157.85648956535313
1664 2158.8780722910832
1665 2159.90228601717049
1666 2160.85306232818419
1667 2161.69217218920953
1668 2163.10712228573238
1669 2164.04972035635735
1670 2165.0114371743143
1671 2165.50394902337574
1672 2167.69344425474685
1673 2168.89061585185398
1674 2169.26382928336496
1675 2170.78707497301574
1676 2171.39636192649469
1677 2172.25096282751633
1678 2173.52829696931661
1679 2174.74502080347665
1680 2176.20411946621564
1681 2176.93945169897741
1682 2178.00420915476112
1683 2179.23218502974719
1684 2180.49531825927878
1685 2181.25236701068177
1686 2181.72578302981956
1687 2183.33058401727994
1688 2184.10319076068053
1689 2185.96552832068311
1690 2187.08569095937252
1691 2187.7984558778279
1692 2188.55876320308854
1693 2189.49707290260539
1694 2191.09336304574928
1695 2191.77801740050799
1696 2192.82677053986121
1697 2194.2315300504497
1698 2195.23168768125578
1699 2196.71597766675854
1700 2197.2587470402059
1701 2198.68751268436752
1702 2199.30296532096958
1703 2200.35102091326305
1704 2200.91595302555182
1705 2203.27745373064601
1706 2203.90636458377355
1707 2204.99780175483011
1708 2205.85576124554392
1709 2207.17216191495222
1710 2207.80274133673695
1711 2209.15374440026326
1712 2210.20801498925036
1713 2210.85094109929617
1714 2212.3435684000364
1715 2213.70025624843609
1716 2214.9499256320925
1717 2215.82056569064556
1718 2216.29637588764519
1719 2217.46937511622519
1720 2218.5210069133953
1721 2219.79981569836106
1722 2220.85215884891418
1723 2222.63660458809747
1724 2223.05505791881041
1725 2223.77777250721453
1726 2225.56464511716943
1727 2226.33273440557559
1728 2227.24622937659538
1729 2227.97057388225631
1730 2229.1279589101233
1731 2230.89869085621725
1732 2231.97715407407331
1733 2232.92485386896618
1734 2233.72022225031291
1735 2234.8149345313269
1736 2235.54666213560006
1737 2236.77364384509984
1738 2238.15479951929762
1739 2239.16774396023666
1740 2240.0212094704711
1741 2241.5361865237664
1742 2242.62118015937948
1743 2243.373668418962
1744 2244.37070170043034
1745 2245.56528653127134
1746 2246.01655817828563
1747 2247.36443125122939
1748 2249.55019857353709
1749 2249.77076655272396
1750 2251.04664194155317
1751 2251.8453183386934
1752 2252.67843267383886
1753 2254.56224699438955
1754 2254.759079001304
1755 2255.82456557153694
1756 2257.3463846831328
1757 2258.50184729114584
1758 2259.51784205738427
1759 2260.89025941680027
1760 2261.6600644494811
1761 2262.6744306482098
1762 2262.87830538116111
1763 2264.67639970577025
1764 2265.76844611546945
1765 2267.38450106754404
1766 2267.87917533716607
1767 2269.22699826160955
1768 2269.91910321683835
1769 2271.32628246806638
1770 2272.04901570123766
1771 2273.34753405316447
1772 2273.95628914594306
1773 2275.06866477597133
1774 2277.07931775662352
1775 2278.01262839330538
1776 2278.52594215578419
1777 2279.50730584111949
1778 2280.87071985258621
1779 2281.35648361454629
1780 2282.69037513764789
1781 2284.05601145935138
1782 2285.2222423648665
1783 2286.14981414056405
1784 2287.0461586710106
1785 2288.57884944576463
1786 2289.33628471013415
1787 2290.24145821085573
1788 2291.09766361211201
1789 2291.92890125249056
1790 2293.89614510608676
1791 2294.68791841171431
1792 2296.11509118833035
1793 2296.99852247251513
1794 2297.37264757980959
1795 2298.61236336566021
1796 2299.96157762008969
1797 2301.2341257988309
1798 2301.45484035172846
1799 2303.29548198257322
1800 2304.30513867037453
1801 2305.50835678868197
1802 2306.51773307000354
1803 2307.35555337047808
1804 2308.21028463476468
1805 2309.37035823952912
1806 2309.93112238418362
1807 2312.04799644961074
1808 2313.1909141707479
1809 2313.68935996722396
1810 2314.62118211359416
1811 2316.04945471998883
1812 2316.96249450484077
1813 2317.85153186427704
1814 2318.82603533643015
1815 2320.08852320402726
1816 2320.94953162865961
1817 2322.81263260669333
1818 2323.53427424076606
1819 2324.51245523225839
1820 2325.55709649176545
1821 2325.90301592751311
1822 2327.37685581969956
1823 2328.63487510116861
1824 2329.70572340644956
1825 2331.01311028957289
1826 2331.94270780640277
1827 2332.98776543277502
1828 2333.72086337378228
1829 2335.53171257445096
1830 2335.86715380564978
1831 2336.62103678623872
1832 2337.7617301588207
1833 2339.61568389598262
1834 2340.82672670664448
1835 2341.32459618621549
1836 2342.65404165846926
1837 2343.25915895500886
1838 2344.31121623615176
1839 2345.57048363447382
1840 2346.46411952978781
1841 2347.93425464172367
1842 2348.84342363345568
1843 2349.73005425783788
1844 2351.45504692785123
1845 2352.19570150253646
1846 2352.75087007545459
1847 2353.91213585235306
1848 2354.95108123500818
1849 2355.81081397829062
1850 2357.60831592024749
1851 2358.90470519841558
1852 2359.43485907643987
1853 2360.31428508952634
1854 2361.34254164193263
1855 2362.71831792292138
1856 2363.49561765411863
1857 2364.75117608911701
1858 2365.19151506413192
1859 2367.24921984295947
1860 2367.95770182315586
1861 2369.22057776739903
1862 2370.09339028423217
1863 2371.10074792972167
1864 2371.93813779461011
1865 2372.44034726005584
1866 2374.44423071781665
1867 2375.54396703737225
1868 2376.35546351556019
1869 2377.7554079140128
1870 2378.21296167966216
1871 2379.72650294996582
1872 2380.54565721873626
1873 2381.50012371043753
1874 2382.5308305663664
1875 2383.35601391598087
1876 2384.96507164118247
1877 2386.43093710950389
1878 2387.29908412233651
1879 2387.81356855607804
1880 2388.74820763549318
1881 2389.95598811366616
1882 2391.2605498724034
1883 2391.75498233662277
1884 2393.63059329169986
1885 2394.48536785604649
1886 2395.27016999464709
1887 2396.60387876261607
1888 2397.79164376177376
1889 2398.55831138253267
1890 2399.43383290578527
1891 2400.15235652213146
1892 2401.48299837577178
1893 2403.4187984453452
1894 2403.97531514896751
1895 2404.92159348977
1896 2406.25398871828949
1897 2406.73285118210951
1898 2407.71591042226991
1899 2409.44150235241954
1900 2409.88160268287959
1901 2411.12619338077742
1902 2412.22293583728404
1903 2413.97612319498341
1904 2414.3798798012705
1905 2415.57689346599411
1906 2416.53405462770394
1907 2417.27808742177219
1908 2418.22944326735739
1909 2419.50791716307125
1910 2421.14294399332818
1911 2422.15208492510951
1912 2422.99623012348691
1913 2423.50414688871614
1914 2425.12476021255672
1915 2426.1934375416683
1916 2426.90706429375365
1917 2427.64089694859298
1918 2429.18559599025692
1919 2430.2658126359444
1920 2431.61113509625393
1921 2432.72756929925476
1922 2433.70589680470381
1923 2433.91687323768418
1924 2435.34889436469456
1925 2436.19160037509104
1926 2437.79407610782605
1927 2438.67179079404418
1928 2439.92712721867228
1929 2440.82616029063525
1930 2441.92983654999841
1931 2443.03356005818513
1932 2443.77543639619973
1933 2445.15438101522042
1934 2445.7449521011549
1935 2446.39852330611025
1936 2448.98831228603511
1937 2449.23103200929253
1938 2450.50365058010812
1939 2451.18170831008445
1940 2452.28336574121389
1941 2453.25748581208404
1942 2454.30056184178992
1943 2455.48228838352592
1944 2456.51455184128855
1945 2457.90799909021854
1946 2458.54679983712801
1947 2460.01357946550619
1948 2461.2022953745062
1949 2461.73162864804139
1950 2462.46429491385376
1951 2463.56966729501635
1952 2464.92781636122341
1953 2466.18309701319272
1954 2467.64086078377902
1955 2468.18681630111524
1956 2469.33626389249749
1957 2469.78148503152402
1958 2471.53929774199672
1959 2472.33641758948227
1960 2473.10712473464504
1961 2474.23784973439368
1962 2475.53935386100277
1963 2477.02175509610459
1964 2478.01485402480941
1965 2478.39759758312502
1966 2479.97735198087075
1967 2480.43360698509207
1968 2481.35676728035894
1969 2482.683411518716
1970 2484.50323827474464
1971 2485.08759053741987
1972 2485.78562071239275
1973 2487.33383644272602
1974 2488.11383175419305
1975 2489.26115745163712
1976 2490.05109051574679
1977 2491.1055164218207
1978 2491.90747393429284
1979 2493.48929544912322
1980 2494.86617782825522
1981 2495.84684041950164
1982 2496.48533670282327
1983 2497.64846524660193
1984 2497.96997396675226
1985 2499.86204282125507
1986 2500.56438641231745
1987 2501.57774467243354
1988 2503.1852272120868
1989 2504.00893365858364
1990 2504.77215251121203
1991 2506.3053519373077
1992 2507.15188564767559
1993 2507.87103957974336
1994 2508.76604610382662
1995 2509.65299744137942
1996 2511.66018978718668
1997 2512.53822098520254
1998 2513.57951702146485
1999 2514.25985905977368
2000 2515.28648292471288
2001 2516.57104914288749
2002 2517.14693188041536
2003 2518.55285204069082
2004 2519.63425264027189
2005 2520.40232351803616
2006 2521.88517564615101
2007 2523.26348015587215
2008 2523.96705581919053
2009 2524.64204579569452
2010 2525.68799332480068
2011 2526.868810058593
2012 2527.41879116062895
2013 2529.37804346327512
2014 2530.27367227426841
2015 2531.54396122006484
2016 2531.96938408156197
2017 2533.06731709904744
2018 2534.4086140983942
2019 2535.50588607396603
2020 2536.09188492083898
2021 2536.86748522256125
2022 2538.55982693626115
2023 2539.99840711859117
2024 2540.53166193674223
2025 2541.99872915367104
2026 2542.68765051486887
2027 2543.34395508860665
2028 2544.29095365661561
2029 2545.87801773033316
2030 2546.76114128335877
2031 2548.18161539410856
2032 2548.89598757504657
2033 2549.99648449152252
2034 2551.41114199288504
2035 2551.88044595959906
2036 2553.27567799552469
2037 2553.72306920120918
2038 2555.05087529135925
2039 2555.8323507473034
2040 2558.00910594287179
2041 2558.75221136847137
2042 2559.23429659733397
2043 2560.26328951438872
2044 2561.40563574757332
2045 2562.42611333814323
2046 2563.50171890399299
2047 2564.33210785433349
2048 2565.97527047828384
2049 2566.55755789708502
2050 2567.95859972532883
2051 2569.04309017335278
2052 2569.94811159690458
2053 2570.95852566191922
2054 2571.54077414776872
2055 2572.36820818620741
2056 2574.20716395002286
2057 2575.40451199690362
2058 2576.14101118402615
2059 2577.51983553260234
2060 2578.07012992500556
2061 2578.97129833589594
2062 2580.34611156520071
2063 2581.39814058189271
2064 2582.13873393130189
2065 2583.00329453509984
2066 2584.75840244167854
2067 2585.7727394040115
2068 2586.92517895718223
2069 2587.59100092419117
2070 2588.36821042388045
2071 2589.57926455443401
2072 2590.37169292595152
2073 2591.54937844798479
2074 2593.27587680660443
2075 2594.02361833468668
2076 2594.9050115524799
2077 2595.6875301388596
2078 2597.54614148845956
2079 2597.97935341842312
2080 2598.59876831963347
2081 2600.12135506188193
2082 2600.64195231921998
2083 2602.41230055805513
2084 2603.62878111845325
2085 2604.57356482371866
2086 2605.36807591555923
2087 2606.24366454751894
2088 2607.00363911423901
2089 2608.36489964903551
2090 2609.55208674067739
2091 2610.44452093891552
2092 2611.54367038142294
2093 2612.95680703669404
2094 2613.73192943830503
2095 2614.73713616540084
2096 2615.84770726824951
2097 2616.9021182439538
2098 2617.33504693490111
2099 2618.29291547802229
2100 2620.27939369442462
2101 2621.42905521322924
2102 2622.04869679842135
2103 2622.99450797630203
2104 2624.05060385455943
2105 2624.90950177716964
2106 2626.46050222994434
2107 2626.7104713958064
2108 2628.09802652387119
2109 2629.60413951084859
2110 2629.99480076421998
2111 2632.04311663711273
2112 2632.44365894914535
2113 2633.67639993978113
2114 2633.96654343412126
2115 2635.21733161717985
2116 2636.43258599508186
2117 2637.51068335846261
2118 2639.06257304538956
2119 2640.05424588402726
2120 2640.46294282895132
2121 2641.80174478410855
2122 2642.7557590630439
2123 2643.97090095834523
2124 2644.88786714349158
2125 2645.39556727857293
2126 2646.68994017272432
2127 2648.57742928376388
2128 2649.32565355179877
2129 2650.05854445838233
2130 2651.22733133212133
2131 2652.16077524153996
2132 2652.77064282695969
2133 2653.89706974564044
2134 2655.61577232596184
2135 2656.23899849801726
2136 2657.53776075830055
2137 2658.34155762975697
2138 2659.65831602085962
2139 2660.61024580295311
2140 2661.58257375821388
2141 2662.18357343562762
2142 2663.39394562233963
2143 2664.23548908324406
2144 2666.03010147945397
2145 2666.98284907054624
2146 2668.29185903720891
2147 2668.66365140129282
2148 2669.25374488818001
2149 2670.99899858216521
2150 2671.91838266891097
2151 2672.60377958814669
2152 2673.87461871110466
2153 2675.27175912963653
2154 2676.06649023010045
2155 2677.24619389319951
2156 2678.53815652163173
2157 2679.02528159628447
2158 2680.03902154823846
2159 2680.84311713292362
2160 2681.84105145608272
2161 2683.8822755514699
2162 2684.52915690449765
2163 2685.37711342663224
2164 2686.49616015116045
2165 2687.48993980802663
2166 2688.3850815955541
2167 2689.42327598113813
2168 2690.63318685602527
2169 2691.31838283999711
2170 2692.36871895850991
2171 2694.10282061344197
2172 2695.20895796897128
2173 2695.75004924010483
2174 2696.69537258161146
2175 2697.8575582167593
2176 2698.29096132139578
2177 2699.94202750008636
2178 2700.73120701107033
2179 2702.43354484773733
2180 2703.14365751118895
2181 2703.98171424477245
2182 2704.95573755133426
2183 2706.52824732675667
2184 2707.09076464638888
2185 2708.11706922927297
2186 2708.4765249606833
2187 2710.36835982360617
2188 2711.458227864115
2189 2712.7866873347564
2190 2713.52528930334791
2191 2714.36790668851862
2192 2715.33987163140906
2193 2716.0250490495345
2194 2717.66577487105264
2195 2718.30865247435248
2196 2719.77099897812988
2197 2720.49347490015277
2198 2721.79877561664799
2199 2723.08608274447584
2200 2723.76892884982269
2201 2724.5239244370697
2202 2725.882989203482
2203 2726.47970103396323
2204 2727.27445943190156
2205 2729.39504166859491
2206 2730.49289180717218
2207 2730.79770208018675
2208 2732.00404991359525
2209 2732.8301235574821
2210 2734.20078296782243
2211 2734.9388560842088
2212 2736.0004791070399
2213 2736.92204844000059
2214 2738.26644416376503
2215 2739.51354729620155
2216 2740.31110942123138
2217 2741.87885242055772
2218 2742.25410787824802
2219 2742.99306815992739
2220 2743.95346981008782
2221 2745.3218318981929
2222 2746.71479895239841
2223 2747.51409799818412
2224 2748.91619106643644
2225 2749.64364978865324
2226 2750.31408341035982
2227 2751.82367145852738
2228 2752.71550249388326
2229 2753.48779641739615
2230 2754.4586630827184
2231 2755.41687619148597
2232 2757.30186821430079
2233 2758.278103328339
2234 2758.858670968685
2235 2759.89861391965839
2236 2760.65715154011171
2237 2762.0828801425753
2238 2762.44458046769446
2239 2764.04184625208908
2240 2765.40769114648293
2241 2766.15703558991906
2242 2766.88726974736801
2243 2768.66452388813911
2244 2769.14469879609999
2245 2770.27909364334319
2246 2771.01739214268477
2247 2771.89629366172772
2248 2773.02971342429484
2249 2774.67001073183263
2250 2775.72570734241033
2251 2776.61916030792636
2252 2777.51212520257613
2253 2778.28969529977278
2254 2779.12753913405077
2255 2780.77111837907154
2256 2781.65607022757144
2257 2781.9892396546479
2258 2783.94366528685911
2259 2784.70528387612184
2260 2786.04333573862276
2261 2786.70256635136877
2262 2787.93202125852377
2263 2788.79627801451107
2264 2789.19756112105091
2265 2790.49308079103523
2266 2792.11337855702284
2267 2793.30146924087172
2268 2794.23809333527547
2269 2794.6538246653282
2270 2796.03476160365781
2271 2797.17453935189776
2272 2797.97290122962842
2273 2798.79814017704548
2274 2800.06744481840149
2275 2800.93760311623493
2276 2802.22480153633166
2277 2803.86495513834451
2278 2804.41893567625115
2279 2805.20530036306445
2280 2806.00273241664089
2281 2807.13231837118938
2282 2808.15350119799763
2283 2809.29165224519284
2284 2810.72463408251846
2285 2811.46099222605281
2286 2812.86199758802215
2287 2813.20148802830094
2288 2814.65675798059516
2289 2815.83865399274767
2290 2816.33795481532516
2291 2817.45890731741933
2292 2817.94946216096695
2293 2820.48884202191658
2294 2820.66084105378116
2295 2821.89193007487097
2296 2822.92302621702321
2297 2823.86699205660798
2298 2824.28188412203963
2299 2825.87265668975076
2300 2826.71217037492275
2301 2828.029973946251
2302 2828.85152659052259
2303 2830.08754529001612
2304 2831.12842543718726
2305 2832.41655085794384
2306 2833.13803585167091
2307 2833.65871723330818
2308 2834.98024846251405
2309 2835.7758477445306
2310 2837.01447208129312
2311 2838.81288152927165
2312 2839.48575339501263
2313 2840.28575491069153
2314 2840.92067297310398
2315 2842.3326410811007
2316 2843.46983788456475
2317 2844.19898696326123
2318 2845.02543361048016
2319 2846.39077621272689
2320 2847.53593552973075
2321 2848.77030855540735
2322 2849.79708664720965
2323 2850.47188819743535
2324 2851.67893803625435
2325 2852.30372656836977
2326 2852.92621476469487
2327 2854.83239423193132
2328 2855.85372119290011
2329 2856.81613354391332
2330 2857.73613980782206
2331 2858.85786035625148
2332 2859.83874895418436
2333 2860.57743649761227
2334 2862.12020823439641
2335 2862.50696627776268
2336 2863.36358955219115
2337 2864.91142675885145
2338 2866.49320975592975
2339 2867.14935609408787
2340 2868.22416366309044
2341 2868.65762919421836
2342 2869.84345657486365
2343 2870.90950637538092
2344 2872.02351111354819
2345 2872.8585551834382
2346 2874.56915407284586
2347 2875.28211916636656
2348 2875.88991434038644
2349 2877.54664915379621
2350 2878.52700262417993
2351 2879.11990754697892
2352 2879.86897393690734
2353 2880.97899473838601
2354 2882.15364639063691
2355 2884.01365755283977
2356 2884.34675779014294
2357 2885.77305540272213
2358 2886.30887463977258
2359 2887.22488550706079
2360 2888.39438245617213
2361 2889.40416804757802
2362 2890.6426263615533
2363 2891.28007821545511
2364 2892.46262401663925
2365 2894.17444873682122
2366 2894.74655035622501
2367 2895.64110386197138
2368 2896.82540516824755
2369 2897.42830056696973
2370 2898.54135317990794
2371 2899.17777983654836
2372 2901.26385036199718
2373 2902.06510248125013
2374 2902.85578552850826
2375 2903.95787904303702
2376 2904.59819602198772
2377 2906.17641759662854
2378 2906.92333934298519
2379 2907.60573691121083
2380 2908.65804551974278
2381 2910.02823343504638
2382 2911.14290366458002
2383 2912.34590472605592
2384 2913.52278586668608
2385 2914.04461107210274
2386 2914.80270222386361
2387 2915.68597532745518
2388 2917.27417344148756
2389 2917.98241670191252
2390 2919.32177232652728
2391 2920.61555599214133
2392 2921.08319893725983
2393 2922.39608455739508
2394 2923.39093235737661
2395 2924.33343499395265
2396 2925.26150911931331
2397 2926.29543622622576
2398 2926.6240146864659
2399 2928.76107384699826
2400 2930.0043663719792
2401 2930.71116869738957
2402 2931.06910110981473
2403 2932.80641441583277
2404 2933.17485716200829
2405 2934.29071783578785
2406 2935.55246370574799
2407 2936.55037484860182
2408 2937.70895898156824
2409 2938.58122035057846
2410 2939.84752916259399
2411 2941.26160153468712
2412 2941.42521775634225
2413 2942.72488586514749
2414 2943.35368496017838
2415 2944.32164879448343
2416 2945.94449928588703
2417 2946.92239489618835
2418 2948.37426186469054
2419 2948.86757720939489
2420 2949.79014302578591
2421 2950.52110835241839
2422 2952.28382963894755
2423 2952.8271765835119
2424 2953.58903099375881
2425 2954.71127529093356
2426 2956.25873042415712
2427 2957.23625924684256
2428 2958.290776254197
2429 2959.22101423468715
2430 2960.03361781200837
2431 2960.81483926622023
2432 2961.82597057534859
2433 2962.81963633528142
2434 2964.63392149480856
2435 2965.39834158429092
2436 2966.0652697456481
2437 2967.2701904264962
2438 2968.40534899540754
2439 2969.40113665569881
2440 2970.04993011091363
2441 2971.12223812493449
2442 2972.30888410906875
2443 2972.81168639135769
2444 2975.0180204127809
2445 2975.61995716615344
2446 2976.52623213709425
2447 2977.55357491347025
2448 2977.9819785126002
2449 2979.31904221201145
2450 2980.48738100655936
2451 2981.34394748181029
2452 2982.52371989592464
2453 2983.8253332665194
2454 2984.63917780444657
2455 2985.54766623542107
2456 2986.80539338329783
2457 2987.85615150243214
2458 2988.63469966693881
2459 2988.8550463674452
2460 2990.4232705736986
2461 2992.16366867506322
2462 2992.86886637830101
2463 2993.97435309284801
2464 2994.86550704675395
2465 2995.54026691550195
2466 2996.73650601622176
2467 2997.64720311444279
2468 2998.95930109802893
2469 2999.49449299459458
2470 3001.02333116287957
2471 3001.70733245602102
2472 3003.47704285271059
2473 3004.29097591731058
2474 3004.66230840824914
2475 3005.77292928450801
2476 3006.9907383646334
2477 3007.46869921647085
2478 3008.88212087239304
2479 3010.51496212924428
2480 3011.34438018051223
2481 3012.07469478586682
2482 3012.78845054867835
2483 3014.45908220668192
2484 3014.91166650272931
2485 3016.34839416997796
2486 3016.7000608126292
2487 3017.78344019159307
2488 3019.46177578036595
2489 3020.4876338969391
2490 3021.42040069251129
2491 3022.44748379312591
2492 3023.33850906794091
2493 3023.93099607390227
2494 3024.79396387121776
2495 3026.51082690784543
2496 3027.29952280734147
2497 3028.40152252863068
2498 3029.49938836968124
2499 3030.59452965098207
2500 3031.28921746806128
2501 3032.7560293602245
2502 3033.21812397295362
2503 3034.36090719232689
2504 3035.07410394753798
2505 3036.13311323820802
2506 3037.98038359046852
2507 3039.0336510442102
2508 3039.5216015715721
2509 3040.5004275646599
2510 3041.25680354950008
2511 3042.65304985413172
2512 3043.6705416217702
2513 3044.0551279819144
2514 3046.05003022487611
2515 3046.45450421928844
2516 3047.70881764088987
2517 3048.92263249040491
2518 3050.01967675721217
2519 3050.80123331572091
2520 3051.3423833414805
2521 3052.47684852426123
2522 3053.34826593695212
2523 3054.98652086653659
2524 3056.2429233097306
2525 3056.765138112965
2526 3058.01370300970179
2527 3058.90149469316431
2528 3059.43786175811279
2529 3061.06270011759076
2530 3061.83758444526761
2531 3062.72687316464015
2532 3063.43508648501865
2533 3065.28655558529721
2534 3066.32025040409629
2535 3067.07132024117612
2536 3068.01350134179534
2537 3068.9842661855262
2538 3069.78290477976749
2539 3070.54262154980819
2540 3072.00099337791568
2541 3073.18523777994295
2542 3074.52349428521027
2543 3075.03387287741071
2544 3075.83347924246405
2545 3077.42747330681231
2546 3078.28622691796926
2547 3078.89737914713501
2548 3079.87139464281372
2549 3080.85638234197255
2550 3082.16316375907171
2551 3083.36135799043167
2552 3084.83845150429332
2553 3085.37726899363421
2554 3085.96552225931062
2555 3087.01881535864536
2556 3088.08343704203938
2557 3089.22230894451781
2558 3090.28219490293483
2559 3091.15446969849338
2560 3092.68766704002693
2561 3093.18544571752395
2562 3094.83306843011633
2563 3095.13203123945381
2564 3096.51548551293643
2565 3097.34260653099148
2566 3098.03835497296463
2567 3098.75808984881323
2568 3101.07937308657927
2569 3101.6573707901448
2570 3102.43608912271819
2571 3103.58991605958848
2572 3104.36254634163384
2573 3105.3914023698577
2574 3106.39635264605548
2575 3107.48425585702325
2576 3108.30359626620633
2577 3109.53309979035677
2578 3110.55720038032568
2579 3111.92072771409028
2580 3112.84073785937315
2581 3113.75521366948674
2582 3114.47341620357196
2583 3115.00267241354494
2584 3116.72045081590152
2585 3117.26972338689951
2586 3118.95501366612433
2587 3119.95755660433874
2588 3120.98621497567749
2589 3121.3372197629258
2590 3122.61012887534762
2591 3124.15022516432987
2592 3124.5259226457686
2593 3125.37444147211021
2594 3126.45011643482006
2595 3127.69301237344289
2596 3129.46861260974806
2597 3129.79620550542079
2598 3130.87766372977383
2599 3131.86109021630176
2600 3132.69833136623753
2601 3133.39888382298055
2602 3134.63544590125768
2603 3136.01556075204168
2604 3137.1751726669314
2605 3137.61349521202296
2606 3139.04950849846552
2607 3140.13849414105254
2608 3141.00117482824038
2609 3141.74803254288388
2610 3142.97945672803872
2611 3143.56749918357825
2612 3144.49048814551305
2613 3146.28352837594445
2614 3147.34460662553037
2615 3148.37904187046819
2616 3148.86122878380653
2617 3149.77173869899067
2618 3150.8246527223635
2619 3152.15105946573664
2620 3152.99455999564358
2621 3153.59697652953407
2622 3155.31210821766994
2623 3156.30035794957097
2624 3156.90576145444655
2625 3158.57828770793608
2626 3159.26520465991124
2627 3159.80409757908698
2628 3161.0619125777551
2629 3161.40243520789209
2630 3163.31195955782716
2631 3164.35053132092959
2632 3165.54059789382948
2633 3166.13958671359916
2634 3167.12109475728126
2635 3168.19751571389522
2636 3169.17976460785655
2637 3170.01413156562625
2638 3171.34395806906204
2639 3171.83777434606781
2640 3173.0116339172784
2641 3174.81538597638621
2642 3175.52872274369532
2643 3176.48034351646256
2644 3176.91563600921294
2645 3178.37170500500081
2646 3178.90259553604651
2647 3180.01121337289385
2648 3181.32850171320625
2649 3182.83944692027125
2650 3183.2056733459269
2651 3184.45149996033232
2652 3185.21434458011147
2653 3186.54586942953719
2654 3187.64616270837239
2655 3188.05548232944596
2656 3188.87746071495563
2657 3190.16866196215291
2658 3191.7062563627745
2659 3192.68179161788683
2660 3193.55720847245468
2661 3194.78670737855812
2662 3195.32669992921031
2663 3195.79389563389309
2664 3197.54716565659403
2665 3198.43012576781779
2666 3199.2489771142464
2667 3200.66327023074559
2668 3201.42486636119731
2669 3202.77828650073585
2670 3203.63089115262521
2671 3204.55741018784227
2672 3205.49758056334225
2673 3206.22889330382996
2674 3207.27006235743056
2675 3208.08613389191822
2676 3210.35242053976673
2677 3210.67038829920182
2678 3211.61883252293496
2679 3212.3192273429316
2680 3213.60649879817223
2681 3214.66756248809431
2682 3215.32529890373537
2683 3216.4915246923709
2684 3217.43080477829028
2685 3218.6599837440259
2686 3219.63917130558531
2687 3221.1983416829696
2688 3221.60947630109741
2689 3222.81384082290245
2690 3223.37256637525552
2691 3224.21370651963882
2692 3225.36671596493382
2693 3227.04410237451535
2694 3227.52514951549506
2695 3229.01631162995351
2696 3229.98106696049939
2697 3230.33663673216946
2698 3231.74134791825623
2699 3232.73871312480838
2700 3233.91336060303418
2701 3234.30659124491992
2702 3235.15461718236648
2703 3237.08757953170859
2704 3237.99823632671259
2705 3239.09043456268981
2706 3239.7673140752396
2707 3240.60574727795686
2708 3241.59531293803856
2709 3242.56830758236536
2710 3243.50165271127989
2711 3244.88415709113458
2712 3246.0401578162398
2713 3246.84167616195953
2714 3247.57050353383646
2715 3249.30808574743481
2716 3249.90644631844442
2717 3250.61332426740504
2718 3251.51063774401758
2719 3252.72399090727069
2720 3253.36901724410826
2721 3255.14207659254841
2722 3256.34661281795765
2723 3256.94194320473704
2724 3257.83134001282534
2725 3258.70671427545505
2726 3259.53973068603966
2727 3261.19212442050422
2728 3261.53531260218342
2729 3262.71896869452827
2730 3263.78494048912647
2731 3265.19877160065062
2732 3266.1537864199358
2733 3266.8039544796473
2734 3268.18851785556712
2735 3268.9094085887168
2736 3269.5167853602481
2737 3270.31080345782713
2738 3272.01939761078109
2739 3273.36303296527016
2740 3274.05995301172482
2741 3274.86356763797257
2742 3276.12415498492209
2743 3276.6945546812154
2744 3278.05947828903827
2745 3278.98619373202387
2746 3279.48950963963497
2747 3280.97641871372136
2748 3281.70669082062176
2749 3283.23912430011445
2750 3284.49986313243858
2751 3285.20282875169116
2752 3285.68225971046089
2753 3286.71854034229464
2754 3287.7730919926666
2755 3288.93697284532716
2756 3289.72430653617617
2757 3291.38572592843372
2758 3292.22264204928501
2759 3292.85671609755463
2760 3293.97586924558514
2761 3295.26666323272733
2762 3296.02175476467206
2763 3296.87314216269547
2764 3297.83684231059928
2765 3298.35787862156344
2766 3300.45057619225053
2767 3301.41377630436783
2768 3302.01709766560449
2769 3303.31726184169726
2770 3303.81371920575985
2771 3305.07617724083433
2772 3305.47208869853018
2773 3307.22171160247643
2774 3308.04540222331898
2775 3308.8328775129692
2776 3310.23570677384297
2777 3311.15530611827289
2778 3312.34945945051032
2779 3313.19987667272545
2780 3313.84266227315715
2781 3315.01501382797991
2782 3315.61974254092453
2783 3316.75245341771603
2784 3318.38747017017048
2785 3319.41264899315929
2786 3320.47669968204945
2787 3320.88794146120167
2788 3321.66357269861021
2789 3323.49092317979172
2790 3323.87512491408626
2791 3324.9256841459827
2792 3325.69162703838171
2793 3327.33844175147218
2794 3327.98826920817018
2795 3329.46558394840963
2796 3330.29040036013022
2797 3331.29940416148837
2798 3331.89228824377628
2799 3332.70089857600112
2800 3333.78138296137151
2801 3335.04599642447584
2802 3336.57596842925522
2803 3337.04421189670121
2804 3338.15040735632477
2805 3339.25667369461733
2806 3340.11715269745899
2807 3340.97226363784741
2808 3342.21155485925692
2809 3343.05172227833913
2810 3343.60490850959283
2811 3344.85225586819344
2812 3346.8484308165621
2813 3347.3978309909551
2814 3347.93600161075501
2815 3349.30102792684596
2816 3349.85625211476506
2817 3350.80370402456813
2818 3352.15380409660571
2819 3352.84536454263927
2820 3354.27823128038973
2821 3355.48368030599217
2822 3355.88057818332202
2823 3357.19815411833634
2824 3358.40269962342051
2825 3359.35928306723663
2826 3359.8524043812933
2827 3360.58415329831746
2828 3361.88758862112105
2829 3363.23387834885094
2830 3364.35576355386237
2831 3365.60095746856154
2832 3366.12088381075305
2833 3367.05554253961859
2834 3367.7694438682191
2835 3369.18372855480513
2836 3370.06165174653525
2837 3370.9975361427183
2838 3371.92244560054029
2839 3373.16014092522577
2840 3374.4274719900465
2841 3375.37995575630904
2842 3376.29838604419558
2843 3376.82097084844259
2844 3378.25895696264505
2845 3378.78060849486905
2846 3379.46019266808618
2847 3381.63464744709837
2848 3382.29671492160204
2849 3383.34848957583465
2850 3383.87121241510149
2851 3385.17731082791081
2852 3386.16629575041958
2853 3387.14956445934643
2854 3387.80877778540458
2855 3389.09188015659914
2856 3389.64887904087966
2857 3391.48123373188425
2858 3392.14757263077422
2859 3393.65178589313435
2860 3394.13766635139365
2861 3394.99110631070917
2862 3395.6148509384009
2863 3396.89006631100759
2864 3398.27167718919906
2865 3398.84119721990591
2866 3400.32247654855403
2867 3401.38745069716231
2868 3402.0004414149392
2869 3403.00886482018444
2870 3404.36276157286918
2871 3405.1329186951209
2872 3405.80994280482224
2873 3406.67948281195938
2874 3407.72831428952209
2875 3409.57873685247068
2876 3410.42456521190629
2877 3411.2236334972776
2878 3411.85583027597653
2879 3413.21903600534684
2880 3413.71081947665017
2881 3415.00641529780467
2882 3415.80662357288954
2883 3417.20172552757204
2884 3418.19484270885356
2885 3418.74424667515033
2886 3420.54058298732735
2887 3421.30753731823531
2888 3421.88242040767048
2889 3423.12859419232829
2890 3423.61139467127364
2891 3424.72898986338414
2892 3425.83091773593944
2893 3427.43181100569978
2894 3428.34501464875546
2895 3429.07716145912913
2896 3430.15880952932583
2897 3430.61161868017359
2898 3432.02636653186869
2899 3433.30633116030617
2900 3433.76971016367902
2901 3434.43293018126906
2902 3436.18360756970924
2903 3437.2191616069055
2904 3438.21261615432499
2905 3439.11243015417064
2906 3440.22929958855714
2907 3440.8440257705439
2908 3441.46797767007133
2909 3442.6833924454392
2910 3444.03657070173766
2911 3445.27743246872925
2912 3446.01538615829797
2913 3447.15892542062327
2914 3447.70051760500557
2915 3449.49700271546615
2916 3449.68500106448041
2917 3450.72348759252512
2918 3451.94066942753254
2919 3452.56981677166542
2920 3453.67789391842344
2921 3455.48879943478831
2922 3456.25861455928943
2923 3457.18417289458478
2924 3457.57359885784015
2925 3458.66541062478437
2926 3460.0460640189495
2927 3460.48423046905346
2928 3461.91597119849384
2929 3462.89673240183635
2930 3464.08383216031447
2931 3464.97769525242701
2932 3465.82715572712731
2933 3467.2044039862635
2934 3467.90947107821677
2935 3468.77555136681287
2936 3469.5519131326333
2937 3470.21410896144858
2938 3472.24901822131601
2939 3473.16876339513559
2940 3473.81488202001906
2941 3475.21910673275057
2942 3475.71779281943086
2943 3476.51993177080746
2944 3477.70019028467246
2945 3479.04983017921414
2946 3479.46596531269837
2947 3480.68291595061151
2948 3481.77639669432182
2949 3483.05785680138332
2950 3484.15938804623392
2951 3484.88458535289188
2952 3485.69149772821385
2953 3486.53433966945738
2954 3487.53947784276621
2955 3488.45577662225413
2956 3489.66512331627347
2957 3491.55056136823595
2958 3491.81109996533545
2959 3492.41443558041825
2960 3493.72061308272298
2961 3494.81640848153723
2962 3495.98893196758239
2963 3496.35036136376865
2964 3497.37296054228038
2965 3498.57613653901389
2966 3499.68655382112943
2967 3501.14591959046221
2968 3501.89709523289116
2969 3502.77586794857288
2970 3503.63621579151093
2971 3504.58892777494123
2972 3504.99262719504995
2973 3506.86077898700288
2974 3507.54527379733229
2975 3508.77250086695805
2976 3509.63640803827236
2977 3510.84508364457113
2978 3511.73109111282652
2979 3512.47358684289323
2980 3513.87757387379673
2981 3514.36675224394051
2982 3515.41680884964112
2983 3515.90181449889502
2984 3518.02644523940023
2985 3518.86840920855603
2986 3519.87018674023006
2987 3520.49166596554583
2988 3521.3650409026826
2989 3522.38221289384159
2990 3523.63583572350838
2991 3524.2152207375811
2992 3525.38656663703672
2993 3526.67025671132723
2994 3527.61520705099935
2995 3528.35182458280678
2996 3529.95574434595077
2997 3530.83504679771182
2998 3531.2010239635261
2999 3532.0385088474992
3000 3533.32824339581994
